ATOMS
Se           12.350000000        15.410000000        18.470000000
Pb           12.350000000        15.410000000        21.294037085
Se           12.350000000        18.444942460        15.435057540
Pb           12.516311592        18.331059174        18.356116714
Se           12.516311592        18.331059174        21.407920371
Pb           12.350000000        18.444942460        24.328979545
Pb           12.350000000        21.268979545        15.435057540
Se           12.516311592        21.382862831        18.356116714
Pb           12.516311592        21.382862831        21.407920371
Se           12.350000000        21.268979545        24.328979545
Pb           12.350000000        24.303922005        18.470000000
Se           12.350000000        24.303922005        21.294037085
Se           15.498261694        12.261738306        18.470000000
Pb           15.498261694        12.261738306        21.294037085
Se           15.433505953        15.345244259        15.370301799
Pb           15.327971959        15.239710265        18.256031486
Se           15.327971959        15.239710265        21.508005599
Pb           15.433505953        15.345244259        24.393735286
Se           15.498261694        18.444942460        12.286795846
Pb           15.327971959        18.230973946        15.264767805
Se           15.485012404        18.362879730        18.387937270
Pb           15.485012404        18.362879730        21.376099816
Se           15.327971959        18.230973946        24.499269280
Pb           15.498261694        18.444942460        27.477241239
Pb           15.498261694        21.268979545        12.286795846
Se           15.327971959        21.482948059        15.264767805
Pb           15.485012404        21.351042275        18.387937270
Se           15.485012404        21.351042275        21.376099816
Pb           15.327971959        21.482948059        24.499269280
Se           15.498261694        21.268979545        27.477241239
Pb           15.433505953        24.368677746        15.370301799
Se           15.327971959        24.474211740        18.256031486
Pb           15.327971959        24.474211740        21.508005599
Se           15.433505953        24.368677746        24.393735286
Pb           15.498261694        27.452183699        18.470000000
Se           15.498261694        27.452183699        21.294037085
Se           18.533204154        12.261738306        15.435057540
Pb           18.419320868        12.428049898        18.356116714
Se           18.419320868        12.428049898        21.407920371
Pb           18.533204154        12.261738306        24.328979545
Se           18.533204154        15.410000000        12.286795846
Pb           18.319235640        15.239710265        15.264767805
Se           18.451141424        15.396750710        18.387937270
Pb           18.451141424        15.396750710        21.376099816
Se           18.319235640        15.239710265        24.499269280
Pb           18.533204154        15.410000000        27.477241239
Pb           18.419320868        18.331059174        12.453107438
Se           18.451141424        18.362879730        15.421808250
Pb           18.446665625        18.358403931        18.383461471
Se           18.446665625        18.358403931        21.380575614
Pb           18.451141424        18.362879730        24.342228835
Se           18.419320868        18.331059174        27.310929647
Se           18.419320868        21.382862831        12.453107438
Pb           18.451141424        21.351042275        15.421808250
Se           18.446665625        21.355518074        18.383461471
Pb           18.446665625        21.355518074        21.380575614
Se           18.451141424        21.351042275        24.342228835
Pb           18.419320868        21.382862831        27.310929647
Pb           18.533204154        24.303922005        12.286795846
Se           18.319235640        24.474211740        15.264767805
Pb           18.451141424        24.317171295        18.387937270
Se           18.451141424        24.317171295        21.376099816
Pb           18.319235640        24.474211740        24.499269280
Se           18.533204154        24.303922005        27.477241239
Pb           18.533204154        27.452183699        15.435057540
Se           18.419320868        27.285872107        18.356116714
Pb           18.419320868        27.285872107        21.407920371
Se           18.533204154        27.452183699        24.328979545
Pb           21.357241239        12.261738306        15.435057540
Se           21.471124525        12.428049898        18.356116714
Pb           21.471124525        12.428049898        21.407920371
Se           21.357241239        12.261738306        24.328979545
Pb           21.357241239        15.410000000        12.286795846
Se           21.571209753        15.239710265        15.264767805
Pb           21.439303970        15.396750710        18.387937270
Se           21.439303970        15.396750710        21.376099816
Pb           21.571209753        15.239710265        24.499269280
Se           21.357241239        15.410000000        27.477241239
Se           21.471124525        18.331059174        12.453107438
Pb           21.439303970        18.362879730        15.421808250
Se           21.443779768        18.358403931        18.383461471
Pb           21.443779768        18.358403931        21.380575614
Se           21.439303970        18.362879730        24.342228835
Pb           21.471124525        18.331059174        27.310929647
Pb           21.471124525        21.382862831        12.453107438
Se           21.439303970        21.351042275        15.421808250
Pb           21.443779768        21.355518074        18.383461471
Se           21.443779768        21.355518074        21.380575614
Pb           21.439303970        21.351042275        24.342228835
Se           21.471124525        21.382862831        27.310929647
Se           21.357241239        24.303922005        12.286795846
Pb           21.571209753        24.474211740        15.264767805
Se           21.439303970        24.317171295        18.387937270
Pb           21.439303970        24.317171295        21.376099816
Se           21.571209753        24.474211740        24.499269280
Pb           21.357241239        24.303922005        27.477241239
Se           21.357241239        27.452183699        15.435057540
Pb           21.471124525        27.285872107        18.356116714
Se           21.471124525        27.285872107        21.407920371
Pb           21.357241239        27.452183699        24.328979545
Pb           24.392183699        12.261738306        18.470000000
Se           24.392183699        12.261738306        21.294037085
Pb           24.456939441        15.345244259        15.370301799
Se           24.562473434        15.239710265        18.256031486
Pb           24.562473434        15.239710265        21.508005599
Se           24.456939441        15.345244259        24.393735286
Pb           24.392183699        18.444942460        12.286795846
Se           24.562473434        18.230973946        15.264767805
Pb           24.405432989        18.362879730        18.387937270
Se           24.405432989        18.362879730        21.376099816
Pb           24.562473434        18.230973946        24.499269280
Se           24.392183699        18.444942460        27.477241239
Se           24.392183699        21.268979545        12.286795846
Pb           24.562473434        21.482948059        15.264767805
Se           24.405432989        21.351042275        18.387937270
Pb           24.405432989        21.351042275        21.376099816
Se           24.562473434        21.482948059        24.499269280
Pb           24.392183699        21.268979545        27.477241239
Se           24.456939441        24.368677746        15.370301799
Pb           24.562473434        24.474211740        18.256031486
Se           24.562473434        24.474211740        21.508005599
Pb           24.456939441        24.368677746        24.393735286
Se           24.392183699        27.452183699        18.470000000
Pb           24.392183699        27.452183699        21.294037085
Pb           27.540445393        15.410000000        18.470000000
Se           27.540445393        15.410000000        21.294037085
Pb           27.540445393        18.444942460        15.435057540
Se           27.374133801        18.331059174        18.356116714
Pb           27.374133801        18.331059174        21.407920371
Se           27.540445393        18.444942460        24.328979545
Se           27.540445393        21.268979545        15.435057540
Pb           27.374133801        21.382862831        18.356116714
Se           27.374133801        21.382862831        21.407920371
Pb           27.540445393        21.268979545        24.328979545
Se           27.540445393        24.303922005        18.470000000
Pb           27.540445393        24.303922005        21.294037085
END


SPIN_ORBIT
Pb 0.45
Se 0.11
END



////////////////////////////////////////////////////
